总帧 146 / 已读 38 / 未读 108

    秒      左已读      右已读       与左差       与右差   判定
    2        1        6    0.0027    0.0192
    3        1        6    0.0046    0.0182
    4        1        6    0.0140    0.0160
    5        1        6    0.0186    0.0113
    7        6       13    0.0023    0.0241
    8        6       13    0.0071    0.0254
    9        6       13    0.0091    0.0259
   10        6       13    0.0102    0.0260
   11        6       13    0.0146    0.0252
   12        6       13    0.0185    0.0213
   14       13       18    0.0084    0.0331
   15       13       18    0.0103    0.0327
   16       13       18    0.0104    0.0328
   17       13       18    0.0082    0.0307
   19       18       23    0.0013    0.0402
   20       18       23    0.0076    0.0394
   21       18       23    0.0086    0.0391
   22       18       23    0.0092    0.0384
   24       23       33    0.0028    0.0235
   25       23       33    0.0040    0.0234
   26       23       33    0.0084    0.0233
   27       23       33    0.0094    0.0248
   28       23       33    0.0101    0.0245
   29       23       33    0.0125    0.0259
   30       23       33    0.0128    0.0256
   31       23       33    0.0119    0.0213
   32       23       33    0.0122    0.0194
   35       34       39    0.0070    0.0275
   36       34       39    0.0241    0.0209  <== 与两侧都差得远，可能含新画面
   37       34       39    0.0246    0.0204  <== 与两侧都差得远，可能含新画面
   38       34       39    0.0257    0.0155
   40       39       41    0.0062    0.0236
   42       41       45    0.0065    0.0130
   43       41       45    0.0112    0.0104
   44       41       45    0.0120    0.0060
   46       45       48    0.0090    0.0328
   47       45       48    0.0136    0.0342
   49       48       51    0.0053    0.0361
   50       48       51    0.0062    0.0356
   52       51       53    0.0014    0.0458
   55       54       60    0.0022    0.0109
   56       54       60    0.0033    0.0104
   57       54       60    0.0108    0.0089
   58       54       60    0.0119    0.0074
   59       54       60    0.0109    0.0020
   61       60       62    0.0017    0.0070
   63       62       64    0.0016    0.0433
   65       64       66    0.0030    0.0271
   67       66       69    0.0048    0.0166
   68       66       69    0.0065    0.0148
   70       69       72    0.0041    0.0317
   71       69       72    0.0060    0.0300
   73       72       80    0.0027    0.0179
   74       72       80    0.0048    0.0176
   75       72       80    0.0157    0.0178
   76       72       80    0.0168    0.0180
   77       72       80    0.0158    0.0089
   78       72       80    0.0158    0.0079
   79       72       80    0.0158    0.0067
   81       80       89    0.0021    0.0162
   82       80       89    0.0061    0.0166
   83       80       89    0.0076    0.0172
   84       80       89    0.0117    0.0195
   85       80       89    0.0126    0.0197
   86       80       89    0.0141    0.0205
   87       80       89    0.0139    0.0204
   88       80       89    0.0125    0.0186
   90       89       98    0.0015    0.0198
   91       89       98    0.0126    0.0152
   92       89       98    0.0134    0.0143
   93       89       98    0.0137    0.0140
   94       89       98    0.0137    0.0130
   95       89       98    0.0142    0.0139
   96       89       98    0.0149    0.0120
   97       89       98    0.0156    0.0059
   99       98      100    0.0194    0.0069
  101      100      106    0.0025    0.0136
  102      100      106    0.0031    0.0134
  103      100      106    0.0086    0.0142
  104      100      106    0.0096    0.0147
  105      100      106    0.0109    0.0106
  107      106      110    0.0019    0.0137
  108      106      110    0.0026    0.0133
  109      106      110    0.0073    0.0102
  111      110      115    0.0018    0.0293
  112      110      115    0.0135    0.0284
  113      110      115    0.0144    0.0285
  114      110      115    0.0147    0.0285
  116      115      117    0.0010    0.0041
  118      117      120    0.0041    0.0319
  119      117      120    0.0048    0.0317
  121      120      122    0.0077    0.0060
  123      122      126    0.0063    0.0210
  124      122      126    0.0050    0.0171
  125      122      126    0.0055    0.0171
  128      127      130    0.0073    0.0251
  129      127      130    0.0139    0.0198
  131      130      134    0.0073    0.0370
  132      130      134    0.0090    0.0368
  133      130      134    0.0097    0.0368
  135      134      136    0.0063    0.0056
  137      136      140    0.0085    0.0395
  138      136      140    0.0112    0.0395
  139      136      140    0.0125    0.0396
  141      140      143    0.0059    0.0080
  142      140      143    0.0079    0.0050
  144      143      146    0.0042    0.0201
  145      143      146    0.0059    0.0183

可疑帧数：2 -> ['f_0036.jpg', 'f_0037.jpg']